HMMER3/f [3.4 | Aug 2023]
NAME  protein_pure_msa_output_formatted_0
LENG  63
ALPH  amino
RF    no
MM    no
CONS  yes
CS    no
MAP   yes
DATE  Sun Jul 28 20:20:52 2024
NSEQ  105
EFFN  5.187836
CKSUM 164658784
STATS LOCAL MSV       -8.3800  0.71886
STATS LOCAL VITERBI   -8.9527  0.71886
STATS LOCAL FORWARD   -4.3952  0.71886
HMM          A        C        D        E        F        G        H        I        K        L        M        N        P        Q        R        S        T        V        W        Y   
            m->m     m->i     m->d     i->m     i->i     d->m     d->d
  COMPO   2.70468  4.99849  2.82327  2.61243  3.33593  3.00565  3.83024  2.83671  2.69587  2.69352  3.95142  3.15428  2.82346  3.35013  2.75154  2.84753  2.80907  2.12704  4.37168  3.78184
          2.68618  4.42225  2.77519  2.73123  3.46354  2.40513  3.72494  3.29354  2.67741  2.69355  4.24690  2.90347  2.73739  3.18146  2.89801  2.37887  2.77519  2.98518  4.58477  3.61503
          0.00688  5.37831  6.10066  0.61958  0.77255  0.00000        *
      1   3.39687  5.81116  3.67041  2.70630  5.22319  4.11080  4.18606  4.65194  1.42728  4.08252  4.86026  3.58187  4.48922  2.64473  2.19732  1.24717  3.60139  4.24308  6.15285  4.84112      1 s - - -
          2.68618  4.42225  2.77519  2.73123  3.46354  2.40513  3.72494  3.29354  2.67741  2.69355  4.24690  2.90347  2.73739  3.18146  2.89801  2.37887  2.77519  2.98518  4.58477  3.61503
          0.00688  5.37831  6.10066  0.61958  0.77255  0.48576  0.95510
      2   3.00226  5.20417  3.64280  2.69353  4.44551  3.98606  4.22114  3.84528  3.00750  3.36900  4.32305  3.58516  4.39295  3.40633  2.95597  1.38977  3.18656  3.55117  1.46316  4.45518      2 s - - -
          2.68618  4.42225  2.77519  2.73123  3.46354  2.40513  3.72494  3.29354  2.67741  2.69355  4.24690  2.90347  2.73739  3.18146  2.89801  2.37887  2.77519  2.98518  4.58477  3.61503
          0.00688  5.37831  6.10066  0.61958  0.77255  0.48576  0.95510
      3   4.83785  6.02544  5.93692  5.73471  1.69106  5.48422  4.58154  4.63088  5.51889  3.90149  5.18499  5.27589  1.00448  5.39878  5.44396  4.93230  5.09562  4.54835  1.23981  2.95740      3 p - - -
          2.68618  4.42225  2.77519  2.73123  3.46354  2.40513  3.72494  3.29354  2.67741  2.69355  4.24690  2.90347  2.73739  3.18146  2.89801  2.37887  2.77519  2.98518  4.58477  3.61503
          0.00688  5.37831  6.10066  0.61958  0.77255  0.48576  0.95510
      4   4.36189  6.58930  3.55160  0.89126  6.27947  4.48948  5.28781  5.94425  4.37114  5.39347  6.34426  4.15036  0.81394  4.51183  4.89205  4.28837  4.73366  5.44287  7.28794  6.00994      4 p - - -
          2.68618  4.42225  2.77519  2.73123  3.46354  2.40513  3.72494  3.29354  2.67741  2.69355  4.24690  2.90347  2.73739  3.18146  2.89801  2.37887  2.77519  2.98518  4.58477  3.61503
          0.00688  5.37831  6.10066  0.61958  0.77255  0.48576  0.95510
      5   2.77236  5.31488  2.89204  1.38947  4.54904  3.92789  4.16491  3.94001  2.98908  2.31322  4.39356  3.00034  4.33863  3.32345  3.45637  3.16684  3.36677  1.71562  5.82820  4.49257      5 e - - -
          2.68618  4.42225  2.77519  2.73123  3.46354  2.40513  3.72494  3.29354  2.67741  2.69355  4.24690  2.90347  2.73739  3.18146  2.89801  2.37887  2.77519  2.98518  4.58477  3.61503
          0.00688  5.37831  6.10066  0.61958  0.77255  0.48576  0.95510
      6   2.62757  3.40802  5.79639  5.29622  4.41366  5.02601  5.74988  2.51415  5.16429  2.41210  4.26133  5.30762  5.42313  5.36374  5.25323  4.42388  4.00605  0.48409  6.21730  5.01665      6 V - - -
          2.68618  4.42225  2.77519  2.73123  3.46354  2.40513  3.72494  3.29354  2.67741  2.69355  4.24690  2.90347  2.73739  3.18146  2.89801  2.37887  2.77519  2.98518  4.58477  3.61503
          0.00688  5.37831  6.10066  0.61958  0.77255  0.48576  0.95510
      7   3.64312  5.10381  5.58199  5.19131  4.60752  1.13114  5.79695  2.26963  5.08827  3.29280  4.45964  5.16369  5.30223  5.32386  5.21908  4.18697  4.00257  0.90918  6.40384  5.19318      7 v - - -
          2.68618  4.42225  2.77519  2.73123  3.46354  2.40513  3.72494  3.29354  2.67741  2.69355  4.24690  2.90347  2.73739  3.18146  2.89801  2.37887  2.77519  2.98518  4.58477  3.61503
          0.00688  5.37831  6.10066  0.61958  0.77255  0.48576  0.95510
      8   3.18986  5.34452  3.58064  2.64285  4.59155  1.26211  4.18100  3.99065  1.77060  2.26940  3.53116  3.53815  4.39046  3.33814  3.29848  3.23053  3.41674  3.68104  5.83565  4.52689      8 g - - -
          2.68618  4.42225  2.77519  2.73123  3.46354  2.40513  3.72494  3.29354  2.67741  2.69355  4.24690  2.90347  2.73739  3.18146  2.89801  2.37887  2.77519  2.98518  4.58477  3.61503
          0.00688  5.37831  6.10066  0.61958  0.77255  0.48576  0.95510
      9   3.06523  5.42220  3.38110  2.82437  4.71517  3.86227  4.05682  4.16144  1.40610  2.69671  3.78453  2.84548  3.40316  3.17607  3.28657  1.68758  2.72301  3.78562  5.89276  4.52180      9 k - - -
          2.68618  4.42225  2.77519  2.73123  3.46354  2.40513  3.72494  3.29354  2.67741  2.69355  4.24690  2.90347  2.73739  3.18146  2.89801  2.37887  2.77519  2.98518  4.58477  3.61503
          0.00688  5.37831  6.10066  0.61958  0.77255  0.48576  0.95510
     10   2.17916  4.60444  4.59674  4.01389  3.72525  4.21527  4.54906  1.84909  3.89522  2.62708  3.73325  4.21562  2.92901  4.11583  4.07671  2.27766  1.76085  2.06692  5.23611  4.04414     10 t - - -
          2.68618  4.42225  2.77519  2.73123  3.46354  2.40513  3.72494  3.29354  2.67741  2.69355  4.24690  2.90347  2.73739  3.18146  2.89801  2.37887  2.77519  2.98518  4.58477  3.61503
          0.00688  5.37831  6.10066  0.61958  0.77255  0.48576  0.95510
     11   2.72722  5.08171  3.24326  1.58668  4.27430  3.95836  4.17808  2.78060  2.36544  2.96526  3.60180  3.54923  4.34475  3.37989  3.47638  3.17463  3.30864  1.61007  5.62505  4.33296     11 e - - -
          2.68618  4.42225  2.77519  2.73123  3.46354  2.40513  3.72494  3.29354  2.67741  2.69355  4.24690  2.90347  2.73739  3.18146  2.89801  2.37887  2.77519  2.98518  4.58477  3.61503
          0.00688  5.37831  6.10066  0.61958  0.77255  0.48576  0.95510
     12   3.62325  6.24299  1.46655  0.95062  5.55446  4.03337  4.46833  5.07860  2.15557  4.53354  5.32826  3.48134  4.59356  3.60520  3.94156  3.51960  3.00455  4.62195  6.66577  5.17336     12 e - - -
          2.68618  4.42225  2.77519  2.73123  3.46354  2.40513  3.72494  3.29354  2.67741  2.69355  4.24690  2.90347  2.73739  3.18146  2.89801  2.37887  2.77519  2.98518  4.58477  3.61503
          0.00688  5.37831  6.10066  0.61958  0.77255  0.48576  0.95510
     13   1.27380  5.58660  3.32635  1.47181  4.93916  3.91781  4.19253  4.38546  2.96215  3.92169  4.70207  3.43098  4.36186  2.15139  3.43868  3.18727  3.45300  3.26657  6.09704  4.71168     13 a - - -
          2.68618  4.42225  2.77519  2.73123  3.46354  2.40513  3.72494  3.29354  2.67741  2.69355  4.24690  2.90347  2.73739  3.18146  2.89801  2.37887  2.77519  2.98518  4.58477  3.61503
          0.00688  5.37831  6.10066  0.61958  0.77255  0.48576  0.95510
     14   1.15002  5.65656  3.64280  2.79622  5.02317  4.06299  4.17573  4.44416  1.45160  3.93703  4.72701  3.55841  4.44734  3.29162  2.38464  3.30051  3.53142  3.42490  6.06101  4.74567     14 a - - -
          2.68618  4.42225  2.77519  2.73123  3.46354  2.40513  3.72494  3.29354  2.67741  2.69355  4.24690  2.90347  2.73739  3.18146  2.89801  2.37887  2.77519  2.98518  4.58477  3.61503
          0.00688  5.37831  6.10066  0.61958  0.77255  0.48576  0.95510
     15   2.72132  5.58650  3.38190  1.76175  4.93391  3.88369  4.04960  3.64093  1.44865  3.88168  4.63080  3.35544  4.27334  2.88114  1.87862  3.08162  3.34148  3.30269  6.00774  4.62104     15 k - - -
          2.68618  4.42225  2.77519  2.73123  3.46354  2.40513  3.72494  3.29354  2.67741  2.69355  4.24690  2.90347  2.73739  3.18146  2.89801  2.37887  2.77519  2.98518  4.58477  3.61503
          0.00688  5.37831  6.10066  0.61958  0.77255  0.48576  0.95510
     16   2.76968  5.35298  3.41285  1.55833  4.61852  3.87528  4.07181  2.41860  2.39363  3.62279  4.41600  3.38450  4.26615  2.52975  2.97412  3.07430  2.84809  2.07759  5.83605  4.48094     16 e - - -
          2.68618  4.42225  2.77519  2.73123  3.46354  2.40513  3.72494  3.29354  2.67741  2.69355  4.24690  2.90347  2.73739  3.18146  2.89801  2.37887  2.77519  2.98518  4.58477  3.61503
          0.00688  5.37831  6.10066  0.61958  0.77255  0.48576  0.95510
     17   2.95025  4.63136  5.09846  3.43298  3.74723  4.44422  4.78786  0.93308  4.32359  2.43689  3.74577  4.56083  4.79918  4.48793  4.38674  3.75700  3.48970  2.15370  5.31356  2.11184     17 i - - -
          2.68618  4.42225  2.77519  2.73123  3.46354  2.40513  3.72494  3.29354  2.67741  2.69355  4.24690  2.90347  2.73739  3.18146  2.89801  2.37887  2.77519  2.98518  4.58477  3.61503
          0.00688  5.37831  6.10066  0.61958  0.77255  0.48576  0.95510
     18   3.33852  4.70938  5.21393  4.60873  2.00327  4.50980  4.41551  1.42679  3.13731  1.19260  3.64704  4.63802  4.84780  4.53180  4.42582  3.82408  3.56787  2.87403  5.26313  4.06382     18 l - - -
          2.68618  4.42225  2.77519  2.73123  3.46354  2.40513  3.72494  3.29354  2.67741  2.69355  4.24690  2.90347  2.73739  3.18146  2.89801  2.37887  2.77519  2.98518  4.58477  3.61503
          0.00688  5.37831  6.10066  0.61958  0.77255  0.48576  0.95510
     19   3.43664  5.66832  3.83769  2.84874  5.01310  4.18114  4.23577  4.40229  1.03941  1.77611  4.73367  3.68609  4.54943  3.36462  2.51357  3.43812  2.37239  4.06327  6.04912  4.78194     19 k - - -
          2.68618  4.42225  2.77519  2.73123  3.46354  2.40513  3.72494  3.29354  2.67741  2.69355  4.24690  2.90347  2.73739  3.18146  2.89801  2.37887  2.77519  2.98518  4.58477  3.61503
          0.00688  5.37831  6.10066  0.61958  0.77255  0.48576  0.95510
     20   2.45786  3.97271  1.50891  2.50296  4.76176  3.84674  4.03880  4.21849  1.95792  2.37828  4.51097  3.33289  4.23935  3.15089  2.89649  3.04027  3.28721  3.25118  5.91739  4.53389     20 d - - -
          2.68618  4.42225  2.77519  2.73123  3.46354  2.40513  3.72494  3.29354  2.67741  2.69355  4.24690  2.90347  2.73739  3.18146  2.89801  2.37887  2.77519  2.98518  4.58477  3.61503
          0.00688  5.37831  6.10066  0.61958  0.77255  0.48576  0.95510
     21   3.05987  5.54105  1.86006  2.36423  3.88292  3.83526  2.26525  4.35202  1.93638  3.84066  2.28185  3.30729  4.22927  3.12397  2.82249  3.02740  3.29083  3.92579  5.97940  4.57681     21 d - - -
          2.68618  4.42225  2.77519  2.73123  3.46354  2.40513  3.72494  3.29354  2.67741  2.69355  4.24690  2.90347  2.73739  3.18146  2.89801  2.37887  2.77519  2.98518  4.58477  3.61503
          0.00688  5.37831  6.10066  0.61958  0.77255  0.48576  0.95510
     22   3.06038  5.52583  2.87886  2.76825  3.88466  3.83830  3.64477  4.32614  1.93928  3.82273  4.57163  2.45654  1.50903  3.13009  2.88958  3.03104  3.29137  3.90716  5.96703  2.83988     22 p - - -
          2.68618  4.42225  2.77519  2.73123  3.46354  2.40513  3.72494  3.29354  2.67741  2.69355  4.24690  2.90347  2.73739  3.18146  2.89801  2.37887  2.77519  2.98518  4.58477  3.61503
          0.00688  5.37831  6.10066  0.61958  0.77255  0.48576  0.95510
     23   2.59951  5.65360  1.72338  2.14373  4.99325  3.86963  4.10636  4.47831  2.87242  3.96186  4.71042  2.94674  1.54004  3.21193  3.37388  2.82650  3.07037  3.57899  6.09922  4.68267     23 p - - -
          2.68618  4.42225  2.77519  2.73123  3.46354  2.40513  3.72494  3.29354  2.67741  2.69355  4.24690  2.90347  2.73739  3.18146  2.89801  2.37887  2.77519  2.98518  4.58477  3.61503
          0.00688  5.37831  6.10066  0.61958  0.77255  0.48576  0.95510
     24   1.45538  5.59327  2.15366  2.22821  4.93118  3.84342  4.04840  4.41498  2.79565  3.18172  4.63798  2.98979  4.24870  2.02967  3.29117  2.73115  3.23236  3.98049  6.02952  4.61786     24 a - - -
          2.68618  4.42225  2.77519  2.73123  3.46354  2.40513  3.72494  3.29354  2.67741  2.69355  4.24690  2.90347  2.73739  3.18146  2.89801  2.37887  2.77519  2.98518  4.58477  3.61503
          0.00688  5.37831  6.10066  0.61958  0.77255  0.48576  0.95510
     25   2.01866  4.85680  1.56880  3.18878  3.29432  4.04385  3.63847  2.69766  3.28324  2.31308  3.95723  3.52681  4.42502  3.59331  3.65673  3.28263  3.31724  3.13493  5.42875  2.41187     25 d - - -
          2.68618  4.42225  2.77519  2.73123  3.46354  2.40513  3.72494  3.29354  2.67741  2.69355  4.24690  2.90347  2.73739  3.18146  2.89801  2.37887  2.77519  2.98518  4.58477  3.61503
          0.00688  5.37831  6.10066  0.61958  0.77255  0.48576  0.95510
     26   3.09382  5.18273  1.67606  2.68920  4.39554  3.94021  4.16285  1.56140  3.00186  3.42517  3.68191  2.37783  4.33487  3.34083  3.45245  3.16123  3.03156  2.98935  5.71381  4.40185     26 i - - -
          2.68618  4.42225  2.77519  2.73123  3.46354  2.40513  3.72494  3.29354  2.67741  2.69355  4.24690  2.90347  2.73739  3.18146  2.89801  2.37887  2.77519  2.98518  4.58477  3.61503
          0.00688  5.37831  6.10066  0.61958  0.77255  0.48576  0.95510
     27   3.10576  4.63139  3.51204  3.49862  3.14829  4.17792  3.46249  1.92582  3.52598  2.82893  3.74423  4.09234  4.55059  3.32215  3.95938  3.45517  3.33778  1.00674  5.23756  4.03725     27 v - - -
          2.68618  4.42225  2.77519  2.73123  3.46354  2.40513  3.72494  3.29354  2.67741  2.69355  4.24690  2.90347  2.73739  3.18146  2.89801  2.37887  2.77519  2.98518  4.58477  3.61503
          0.00688  5.37831  6.10066  0.61958  0.77255  0.48576  0.95510
     28   3.14032  4.55106  4.87529  4.27690  3.27196  4.28163  3.10739  2.57484  4.10626  2.46006  3.66419  4.36271  4.64626  2.83635  4.19233  3.58334  3.37229  0.95536  5.13058  2.58064     28 v - - -
          2.68618  4.42225  2.77519  2.73123  3.46354  2.40513  3.72494  3.29354  2.67741  2.69355  4.24690  2.90347  2.73739  3.18146  2.89801  2.37887  2.77519  2.98518  4.58477  3.61503
          0.00688  5.37831  6.10066  0.61958  0.77255  0.48576  0.95510
     29   3.50155  4.84929  5.41523  4.81291  2.04463  4.71045  5.03931  2.63898  2.98319  0.97321  3.66576  4.85302  5.02199  4.72562  4.64042  4.03217  3.73030  1.67761  5.46378  4.31802     29 l - - -
          2.68618  4.42225  2.77519  2.73123  3.46354  2.40513  3.72494  3.29354  2.67741  2.69355  4.24690  2.90347  2.73739  3.18146  2.89801  2.37887  2.77519  2.98518  4.58477  3.61503
          0.00688  5.37831  6.10066  0.61958  0.77255  0.48576  0.95510
     30   3.53624  5.03801  5.24064  4.74068  4.03905  4.57178  5.24072  3.11241  4.56913  0.97507  3.92278  4.82238  1.23692  4.77199  4.68956  3.95459  3.31149  2.50931  5.80752  4.67113     30 l - - -
          2.68618  4.42225  2.77519  2.73123  3.46354  2.40513  3.72494  3.29354  2.67741  2.69355  4.24690  2.90347  2.73739  3.18146  2.89801  2.37887  2.77519  2.98518  4.58477  3.61503
          0.00688  5.37831  6.10066  0.61958  0.77255  0.48576  0.95510
     31   2.26800  5.36972  3.39617  2.40193  4.64190  3.86675  4.06465  4.07866  2.62850  3.23979  4.43171  3.37200  1.55212  2.65331  3.31238  2.81747  2.56674  2.57383  5.85011  4.48904     31 p - - -
          2.68618  4.42225  2.77519  2.73123  3.46354  2.40513  3.72494  3.29354  2.67741  2.69355  4.24690  2.90347  2.73739  3.18146  2.89801  2.37887  2.77519  2.98518  4.58477  3.61503
          0.00688  5.37831  6.10066  0.61958  0.77255  0.48576  0.95510
     32   2.50137  5.54132  2.67342  1.69281  4.00043  1.65281  4.04166  4.34026  2.79029  3.83849  4.58875  2.98156  4.24229  2.78439  3.28187  3.04410  3.30697  2.71550  5.98606  4.58463     32 g - - -
          2.68618  4.42225  2.77519  2.73123  3.46354  2.40513  3.72494  3.29354  2.67741  2.69355  4.24690  2.90347  2.73739  3.18146  2.89801  2.37887  2.77519  2.98518  4.58477  3.61503
          0.00688  5.37831  6.10066  0.61958  0.77255  0.48576  0.95510
     33   3.18520  5.62178  2.79379  3.18824  5.43159  1.16546  4.62261  4.92796  3.51754  4.45215  5.22888  2.74543  4.56590  3.77153  4.02459  1.21937  3.15697  4.39197  6.60532  5.21036     33 g - - -
          2.68618  4.42225  2.77519  2.73123  3.46354  2.40513  3.72494  3.29354  2.67741  2.69355  4.24690  2.90347  2.73739  3.18146  2.89801  2.37887  2.77519  2.98518  4.58477  3.61503
          0.00688  5.37831  6.10066  0.61958  0.77255  0.48576  0.95510
     34   1.99280  5.06393  4.37325  3.88406  4.89799  3.91857  4.89758  4.29166  3.85148  3.58322  4.80943  4.12585  1.36392  4.15149  4.21042  1.19938  2.70590  3.23173  6.25908  5.02933     34 s - - -
          2.68618  4.42225  2.77519  2.73123  3.46354  2.40513  3.72494  3.29354  2.67741  2.69355  4.24690  2.90347  2.73739  3.18146  2.89801  2.37887  2.77519  2.98518  4.58477  3.61503
          0.00688  5.37831  6.10066  0.61958  0.77255  0.48576  0.95510
     35   2.50064  4.54980  4.82975  3.62816  2.82920  4.27167  4.59282  2.89366  4.07260  2.52339  2.82245  4.34218  1.52578  4.25324  4.17489  3.57148  3.36326  1.46657  5.17391  3.99107     35 v - - -
          2.68618  4.42225  2.77519  2.73123  3.46354  2.40513  3.72494  3.29354  2.67741  2.69355  4.24690  2.90347  2.73739  3.18146  2.89801  2.37887  2.77519  2.98518  4.58477  3.61503
          0.00688  5.37831  6.10066  0.61958  0.77255  0.48576  0.95510
     36   3.64648  5.06875  5.57676  5.10402  4.43040  4.80316  5.65000  2.67464  4.95203  3.10580  3.49351  5.12904  5.29037  5.18952  5.08075  4.21449  1.01317  0.98400  6.21937  5.02782     36 v - - -
          2.68618  4.42225  2.77519  2.73123  3.46354  2.40513  3.72494  3.29354  2.67741  2.69355  4.24690  2.90347  2.73739  3.18146  2.89801  2.37887  2.77519  2.98518  4.58477  3.61503
          0.00688  5.37831  6.10066  0.61958  0.77255  0.48576  0.95510
     37   2.83663  5.01087  3.70538  2.89342  4.18540  3.57161  4.21190  3.56489  2.68748  2.14782  2.46642  3.61274  4.37350  3.35212  2.95326  3.21366  1.28225  3.30643  5.56076  4.28797     37 t - - -
          2.68618  4.42225  2.77519  2.73123  3.46354  2.40513  3.72494  3.29354  2.67741  2.69355  4.24690  2.90347  2.73739  3.18146  2.89801  2.37887  2.77519  2.98518  4.58477  3.61503
          0.00688  5.37831  6.10066  0.61958  0.77255  0.48576  0.95510
     38   2.75310  5.50458  1.48695  2.33677  4.82271  3.84465  4.03480  4.28874  2.40856  2.41887  2.80618  3.32352  4.23858  3.14126  2.33391  3.03918  3.29459  3.88071  5.95260  4.56032     38 d - - -
          2.68618  4.42225  2.77519  2.73123  3.46354  2.40513  3.72494  3.29354  2.67741  2.69355  4.24690  2.90347  2.73739  3.18146  2.89801  2.37887  2.77519  2.98518  4.58477  3.61503
          0.01391  5.37831  4.68850  0.61958  0.77255  0.48576  0.95510
     39   4.63668  5.86869  0.91993  5.32194  1.62148  5.40275  4.45356  4.44513  5.18843  2.54765  5.01952  5.06398  5.70332  5.12742  5.21808  4.74799  4.84975  4.32061  3.19882  1.73438     39 d - - -
          2.68618  4.42225  2.77519  2.73123  3.46354  2.40513  3.72494  3.29354  2.67741  2.69355  4.24690  2.90347  2.73739  3.18146  2.89801  2.37887  2.77519  2.98518  4.58477  3.61503
          0.00693  5.37133  6.09367  0.61958  0.77255  0.51401  0.91154
     40   2.93567  4.61206  4.69279  4.10287  2.05091  4.26770  3.77015  2.77694  3.94517  1.67968  3.71867  4.27038  4.63353  4.16514  1.39802  3.56003  3.39022  2.86436  5.14459  3.16933     40 r - - -
          2.68618  4.42225  2.77519  2.73123  3.46354  2.40513  3.72494  3.29354  2.67741  2.69355  4.24690  2.90347  2.73739  3.18146  2.89801  2.37887  2.77519  2.98518  4.58477  3.61503
          0.00693  5.37133  6.09367  0.61958  0.77255  0.51401  0.91154
     41   3.06734  5.12287  3.57422  3.01468  3.36059  3.05189  4.15320  3.31581  2.99692  3.13735  4.21145  3.51181  2.68317  3.34029  1.39407  2.29925  2.32465  3.43913  5.65860  4.35673     41 r - - -
          2.68618  4.42225  2.77519  2.73123  3.46354  2.40513  3.72494  3.29354  2.67741  2.69355  4.24690  2.90347  2.73739  3.18146  2.89801  2.37887  2.77519  2.98518  4.58477  3.61503
          0.00693  5.37133  6.09367  0.61958  0.77255  0.51401  0.91154
     42   3.05281  5.38623  2.79552  2.53278  3.61310  3.85670  4.05270  3.64636  2.82091  3.66261  3.80007  1.64424  2.34464  3.10607  3.29924  2.80020  2.88078  3.74053  5.86099  2.36115     42 n - - -
          2.68618  4.42225  2.77519  2.73123  3.46354  2.40513  3.72494  3.29354  2.67741  2.69355  4.24690  2.90347  2.73739  3.18146  2.89801  2.37887  2.77519  2.98518  4.58477  3.61503
          0.00693  5.37133  6.09367  0.61958  0.77255  0.51401  0.91154
     43   3.80780  6.26731  2.69782  3.12424  5.68280  4.18616  4.57007  5.18477  3.25953  4.61573  5.45248  1.05347  4.74630  3.71691  1.08039  3.72000  4.06821  4.75271  6.68146  5.29348     43 n - - -
          2.68618  4.42225  2.77519  2.73123  3.46354  2.40513  3.72494  3.29354  2.67741  2.69355  4.24690  2.90347  2.73739  3.18146  2.89801  2.37887  2.77519  2.98518  4.58477  3.61503
          0.00693  5.37133  6.09367  0.61958  0.77255  0.51401  0.91154
     44   3.97506  5.63108  5.27300  4.57456  5.06296  4.71962  5.08449  3.72773  3.40488  3.85708  4.97179  4.74293  5.22434  4.32707  0.87208  4.23718  4.27636  0.98132  6.40870  5.24917     44 r - - -
          2.68618  4.42225  2.77519  2.73123  3.46354  2.40513  3.72494  3.29354  2.67741  2.69355  4.24690  2.90347  2.73739  3.18146  2.89801  2.37887  2.77519  2.98518  4.58477  3.61503
          0.00693  5.37133  6.09367  0.61958  0.77255  0.51401  0.91154
     45   3.78282  5.28647  5.18160  4.47100  4.44247  4.78760  5.00794  3.06766  3.54686  2.70527  4.33693  4.69008  5.16329  4.32434  1.11113  4.18205  4.02454  0.98812  6.03368  4.83814     45 v - - -
          2.68618  4.42225  2.77519  2.73123  3.46354  2.40513  3.72494  3.29354  2.67741  2.69355  4.24690  2.90347  2.73739  3.18146  2.89801  2.37887  2.77519  2.98518  4.58477  3.61503
          0.00693  5.37133  6.09367  0.61958  0.77255  0.51401  0.91154
     46   3.46274  4.93470  4.88006  4.22343  4.05653  4.55345  4.77616  1.30643  3.43900  2.52598  3.98872  4.45728  4.89692  4.20719  1.13528  3.87159  3.68638  2.46698  5.61126  4.43144     46 r - - -
          2.68618  4.42225  2.77519  2.73123  3.46354  2.40513  3.72494  3.29354  2.67741  2.69355  4.24690  2.90347  2.73739  3.18146  2.89801  2.37887  2.77519  2.98518  4.58477  3.61503
          0.00693  5.37133  6.09367  0.61958  0.77255  0.51401  0.91154
     47   3.19208  4.55846  5.15969  4.54866  1.65013  4.37231  4.70032  1.66828  4.33644  2.24698  3.51719  4.03595  4.72832  4.46285  4.34389  3.68646  3.42429  1.49694  3.49484  3.99060     47 v - - -
          2.68618  4.42225  2.77519  2.73123  3.46354  2.40513  3.72494  3.29354  2.67741  2.69355  4.24690  2.90347  2.73739  3.18146  2.89801  2.37887  2.77519  2.98518  4.58477  3.61503
          0.02532  5.37133  3.89464  0.61958  0.77255  0.51401  0.91154
     48   4.04842  5.27520  6.08289  5.55902  0.99609  5.49344  5.86157  2.22791  5.43634  2.36320  3.96291  5.64215  5.68995  5.50380  5.46964  4.88102  4.28640  1.12992  6.07606  4.84443     48 f - - -
          2.68618  4.42225  2.77519  2.73123  3.46354  2.40513  3.72494  3.29354  2.67741  2.69355  4.24690  2.90347  2.73739  3.18146  2.89801  2.37887  2.77519  2.98518  4.58477  3.61503
          0.38234  5.35307  1.16154  0.61958  0.77255  0.58344  0.81639
     49   2.91050  4.75177  2.54778  3.04998  3.21083  3.83779  2.67525  3.12333  3.02240  2.96881  3.84893  2.85085  4.22076  3.34077  3.41785  3.07016  3.14208  2.06878  5.23467  1.87578     49 y - - -
          2.68618  4.42225  2.77519  2.73123  3.46354  2.40513  3.72494  3.29354  2.67741  2.69355  4.24690  2.90347  2.73739  3.18146  2.89801  2.37887  2.77519  2.98518  4.58477  3.61503
          0.28919  4.98098  1.40951  0.61958  0.77255  1.34005  0.30358
     50   3.31564  5.96606  1.62861  2.00167  5.25979  3.60397  4.12795  4.79918  3.13554  4.25869  5.08729  1.11447  4.21688  3.28300  3.74606  3.18888  3.17602  4.34106  6.40409  4.87323     50 n - - -
          2.68618  4.42225  2.77519  2.73123  3.46354  2.40513  3.72494  3.29354  2.67741  2.69355  4.24690  2.90347  2.73739  3.18146  2.89801  2.37887  2.77519  2.98518  4.58477  3.61503
          0.14864  4.70532  2.04736  0.61958  0.77255  1.44830  0.26784
     51   2.75481  5.06819  3.06957  2.23855  4.35634  3.54886  3.75663  3.79237  2.03946  3.35392  4.14199  3.05908  2.16627  2.88420  2.98649  2.52103  2.59032  2.71219  5.55504  4.19464     51 k - - -
          2.68618  4.42225  2.77519  2.73123  3.46354  2.40513  3.72494  3.29354  2.67741  2.69355  4.24690  2.90347  2.73739  3.18146  2.89801  2.37887  2.77519  2.98518  4.58477  3.61503
          0.09553  4.62177  2.50995  0.61958  0.77255  1.22000  0.34988
     52   2.51562  3.39712  2.15661  2.50688  4.47649  2.26620  3.36421  3.93359  2.51042  3.46132  4.22700  2.65397  3.95266  2.86793  2.69973  2.75382  2.72636  3.46021  5.63354  4.24998     52 d - - -
          2.68618  4.42225  2.77519  2.73123  3.46354  2.40513  3.72494  3.29354  2.67741  2.69355  4.24690  2.90347  2.73739  3.18146  2.89801  2.37887  2.77519  2.98518  4.58477  3.61503
          0.01347  4.70953  5.43188  0.61958  0.77255  0.44885  1.01712
     53   2.99446  5.49672  1.71910  2.66724  4.83636  2.44090  3.95245  4.32031  2.40823  3.80059  4.54232  2.59938  4.15290  2.65242  3.19351  2.73709  1.96989  3.59826  5.93372  4.52227     53 d - - -
          2.68618  4.42225  2.77519  2.73123  3.46354  2.40513  3.72494  3.29354  2.67741  2.69355  4.24690  2.90347  2.73739  3.18146  2.89801  2.37887  2.77519  2.98518  4.58477  3.61503
          0.00830  5.19109  5.91344  0.61958  0.77255  0.50940  0.91844
     54   2.80596  5.45650  2.33713  2.74273  4.77352  3.18154  3.99911  3.74441  2.36093  3.75130  4.50839  1.84325  4.19950  3.10668  3.23591  2.99942  1.69645  3.00889  5.91053  4.51833     54 t - - -
          2.68618  4.42225  2.77519  2.73123  3.46354  2.40513  3.72494  3.29354  2.67741  2.69355  4.24690  2.90347  2.73739  3.18146  2.89801  2.37887  2.77519  2.98518  4.58477  3.61503
          0.04482  5.30398  3.24781  0.61958  0.77255  0.74419  0.64458
     55   3.37182  4.71894  5.23608  4.65710  3.89961  4.62076  5.00947  1.93054  4.48655  2.34092  3.84561  4.73614  4.96124  4.67400  3.56808  3.94696  2.07891  0.87568  5.53080  4.34431     55 v - - -
          2.68618  4.42225  2.77519  2.73123  3.46354  2.40513  3.72494  3.29354  2.67741  2.69355  4.24690  2.90347  2.73739  3.18146  2.89801  2.37887  2.77519  2.98518  4.58477  3.61503
          0.06137  5.26685  2.91196  0.61958  0.77255  0.64228  0.74674
     56   1.52203  4.95456  3.46624  3.05839  4.21321  3.94678  4.35509  3.56911  3.33369  3.27764  4.15592  3.07469  4.41502  3.62812  3.73035  2.78169  3.37078  1.16857  5.62234  4.36426     56 v - - -
          2.68618  4.42225  2.77519  2.73123  3.46354  2.40513  3.72494  3.29354  2.67741  2.69355  4.24690  2.90347  2.73739  3.18146  2.89801  2.37887  2.77519  2.98518  4.58477  3.61503
          0.03074  5.25271  3.68743  0.61958  0.77255  0.75490  0.63499
     57   2.14006  5.49710  2.60566  2.32423  4.84136  3.29365  3.45623  4.11972  2.43423  3.80204  4.53798  2.35333  4.15585  2.26577  3.03694  2.48163  2.60375  2.82288  5.93027  4.51979     57 a - - -
          2.68618  4.42225  2.77519  2.73123  3.46354  2.40513  3.72494  3.29354  2.67741  2.69355  4.24690  2.90347  2.73739  3.18146  2.89801  2.37887  2.77519  2.98518  4.58477  3.61503
          0.00780  5.25314  5.97548  0.61958  0.77255  0.75607  0.63395
     58   2.76388  5.45804  2.73734  2.00341  4.78122  3.78291  2.60346  3.47183  2.71649  3.51757  4.50456  3.25927  4.17601  2.35751  3.20538  2.68634  1.73701  3.14414  5.90405  4.50665     58 t - - -
          2.68618  4.42225  2.77519  2.73123  3.46354  2.40513  3.72494  3.29354  2.67741  2.69355  4.24690  2.90347  2.73739  3.18146  2.89801  2.37887  2.77519  2.98518  4.58477  3.61503
          0.02069  5.27537  4.17612  0.61958  0.77255  0.82413  0.57735
     59   2.10663  4.88009  4.77033  4.34744  4.67285  3.89767  5.11620  3.85812  4.27445  3.73258  4.63108  4.35502  1.13125  4.51681  4.50357  3.32656  1.66442  1.87651  6.13476  4.95750     59 p - - -
          2.68618  4.42225  2.77519  2.73123  3.46354  2.40513  3.72494  3.29354  2.67741  2.69355  4.24690  2.90347  2.73739  3.18146  2.89801  2.37887  2.77519  2.98518  4.58477  3.61503
          0.00773  5.26242  5.98476  0.61958  0.77255  0.85764  0.55193
     60   3.05494  5.22969  3.47532  2.93285  4.52120  3.86707  1.91880  3.93653  2.88388  3.53850  4.35468  3.25926  1.36170  3.26481  2.93028  2.75727  2.96895  2.96419  5.77626  4.45204     60 p - - -
          2.68618  4.42225  2.77519  2.73123  3.46354  2.40513  3.72494  3.29354  2.67741  2.69355  4.24690  2.90347  2.73739  3.18146  2.89801  2.37887  2.77519  2.98518  4.58477  3.61503
          0.00773  5.26242  5.98476  0.61958  0.77255  0.85764  0.55193
     61   3.04926  4.48030  4.69767  4.10144  2.78739  4.17981  1.89788  1.92087  3.94560  2.67024  3.59632  4.23117  4.54658  4.13746  2.70934  3.47642  2.97201  1.60903  5.09166  3.49553     61 v - - -
          2.68618  4.42225  2.77519  2.73123  3.46354  2.40513  3.72494  3.29354  2.67741  2.69355  4.24690  2.90347  2.73739  3.18146  2.89801  2.37887  2.77519  2.98518  4.58477  3.61503
          0.00773  5.26242  5.98476  0.61958  0.77255  0.85764  0.55193
     62   2.81081  4.61331  4.48451  3.91553  3.77790  1.41043  4.53436  2.16406  3.79930  2.84287  3.77279  4.14425  4.55590  4.04940  3.12476  3.44756  2.91276  1.57549  5.28730  4.09068     62 g - - -
          2.68618  4.42225  2.77519  2.73123  3.46354  2.40513  3.72494  3.29354  2.67741  2.69355  4.24690  2.90347  2.73739  3.18146  2.89801  2.37887  2.77519  2.98518  4.58477  3.61503
          0.51202  5.26242  0.92751  0.61958  0.77255  0.85764  0.55193
     63   4.08732  5.69109  4.91830  4.94696  5.92197  0.11544  5.91643  5.82120  5.23043  5.31107  6.35010  5.08645  5.08974  5.48733  5.29102  4.29444  4.62437  5.18561  6.70594  6.07899     63 G - - -
          2.68618  4.42225  2.77519  2.73123  3.46354  2.40513  3.72494  3.29354  2.67741  2.69355  4.24690  2.90347  2.73739  3.18146  2.89801  2.37887  2.77519  2.98518  4.58477  3.61503
          0.00861  4.75900        *  0.61958  0.77255  0.00000        *
//
