HMMER3/f [3.4 | Aug 2023]
NAME  protein_pure_msa_output_formatted_1
LENG  96
ALPH  amino
RF    no
MM    no
CONS  yes
CS    no
MAP   yes
DATE  Sun Jul 28 20:20:52 2024
NSEQ  102
EFFN  2.312805
CKSUM 3046094659
STATS LOCAL MSV       -9.6768  0.71833
STATS LOCAL VITERBI  -10.0450  0.71833
STATS LOCAL FORWARD   -4.0465  0.71833
HMM          A        C        D        E        F        G        H        I        K        L        M        N        P        Q        R        S        T        V        W        Y   
            m->m     m->i     m->d     i->m     i->i     d->m     d->d
  COMPO   2.58724  3.96776  2.86116  2.72023  3.41543  2.73053  3.57581  3.03887  2.96150  2.75597  4.07017  3.22869  3.11518  2.92578  2.93477  2.54263  2.53757  2.64364  5.34164  2.95362
          2.68618  4.42225  2.77519  2.73123  3.46354  2.40513  3.72494  3.29354  2.67741  2.69355  4.24690  2.90347  2.73739  3.18146  2.89801  2.37887  2.77519  2.98518  4.58477  3.61503
          0.01321  4.72949  5.45183  0.61958  0.77255  0.00000        *
      1   2.99851  5.27305  1.59113  2.51330  4.55897  2.15511  3.99070  3.96919  2.79201  3.57747  4.40503  3.13848  4.11704  3.15155  3.37845  2.99206  3.25840  1.86341  5.81435  4.43732      1 d - - -
          2.68618  4.42225  2.77519  2.73123  3.46354  2.40513  3.72494  3.29354  2.67741  2.69355  4.24690  2.90347  2.73739  3.18146  2.89801  2.37887  2.77519  2.98518  4.58477  3.61503
          0.01321  4.72949  5.45183  0.61958  0.77255  0.48576  0.95510
      2   2.75733  4.55809  4.32413  3.97707  4.36914  3.56201  4.81395  3.29700  3.91896  3.36534  4.32868  4.00842  4.28184  4.19517  4.15024  1.03751  3.12334  1.32060  5.87302  4.66951      2 s - - -
          2.68618  4.42225  2.77519  2.73123  3.46354  2.40513  3.72494  3.29354  2.67741  2.69355  4.24690  2.90347  2.73739  3.18146  2.89801  2.37887  2.77519  2.98518  4.58477  3.61503
          0.01321  4.72949  5.45183  0.61958  0.77255  0.48576  0.95510
      3   2.72473  4.55414  3.90249  3.41363  4.09407  1.73743  4.35847  3.01982  3.37499  3.15717  4.04424  3.68425  4.16529  3.67162  3.70790  1.45175  3.09724  2.00438  5.52405  4.29848      3 s - - -
          2.68618  4.42225  2.77519  2.73123  3.46354  2.40513  3.72494  3.29354  2.67741  2.69355  4.24690  2.90347  2.73739  3.18146  2.89801  2.37887  2.77519  2.98518  4.58477  3.61503
          0.01321  4.72949  5.45183  0.61958  0.77255  0.48576  0.95510
      4   2.71069  2.23070  3.66250  3.15806  4.26314  1.59541  4.22358  3.66155  2.87543  3.32839  4.17051  3.27303  4.09962  3.45685  3.52299  2.07977  2.31180  3.29585  5.61897  4.36359      4 g - - -
          2.68618  4.42225  2.77519  2.73123  3.46354  2.40513  3.72494  3.29354  2.67741  2.69355  4.24690  2.90347  2.73739  3.18146  2.89801  2.37887  2.77519  2.98518  4.58477  3.61503
          0.01321  4.72949  5.45183  0.61958  0.77255  0.48576  0.95510
      5   2.78325  4.41635  3.86244  3.30802  3.55941  3.78496  4.11281  2.91298  3.24118  2.65177  3.55749  3.22553  4.18992  3.52353  3.53945  2.62231  1.95135  1.73541  5.03425  2.32768      5 v - - -
          2.68618  4.42225  2.77519  2.73123  3.46354  2.40513  3.72494  3.29354  2.67741  2.69355  4.24690  2.90347  2.73739  3.18146  2.89801  2.37887  2.77519  2.98518  4.58477  3.61503
          0.01321  4.72949  5.45183  0.61958  0.77255  0.48576  0.95510
      6   2.88448  1.93456  4.61625  4.06397  3.59659  3.97074  4.52739  2.23236  3.92297  2.59396  3.57546  4.15388  4.42553  4.12735  4.05787  2.05971  3.17012  1.46735  5.16031  3.97168      6 v - - -
          2.68618  4.42225  2.77519  2.73123  3.46354  2.40513  3.72494  3.29354  2.67741  2.69355  4.24690  2.90347  2.73739  3.18146  2.89801  2.37887  2.77519  2.98518  4.58477  3.61503
          0.01321  4.72949  5.45183  0.61958  0.77255  0.48576  0.95510
      7   1.89396  1.70894  4.65887  4.11617  3.59835  3.95521  4.57410  2.61670  3.96476  1.57921  3.56100  4.18351  4.43381  4.16425  4.09200  3.31438  3.20107  2.30910  5.19728  4.01947      7 l - - -
          2.68618  4.42225  2.77519  2.73123  3.46354  2.40513  3.72494  3.29354  2.67741  2.69355  4.24690  2.90347  2.73739  3.18146  2.89801  2.37887  2.77519  2.98518  4.58477  3.61503
          0.01321  4.72949  5.45183  0.61958  0.77255  0.48576  0.95510
      8   2.82611  4.63252  3.59599  3.08129  3.83953  3.72348  4.06975  3.19675  2.99762  1.39669  3.78774  3.49127  4.16041  2.70779  3.34721  1.92181  2.73613  2.95813  5.26586  4.02162      8 l - - -
          2.68618  4.42225  2.77519  2.73123  3.46354  2.40513  3.72494  3.29354  2.67741  2.69355  4.24690  2.90347  2.73739  3.18146  2.89801  2.37887  2.77519  2.98518  4.58477  3.61503
          0.01321  4.72949  5.45183  0.61958  0.77255  0.48576  0.95510
      9   1.53359  4.68702  3.75937  3.32037  4.70873  3.42476  4.43602  4.14724  3.33475  3.77927  4.57554  3.36765  2.02187  3.64199  3.72377  1.37535  2.66507  3.61675  6.00023  4.74615      9 s - - -
          2.68618  4.42225  2.77519  2.73123  3.46354  2.40513  3.72494  3.29354  2.67741  2.69355  4.24690  2.90347  2.73739  3.18146  2.89801  2.37887  2.77519  2.98518  4.58477  3.61503
          0.01321  4.72949  5.45183  0.61958  0.77255  0.48576  0.95510
     10   1.64979  4.52286  3.75150  3.11701  3.79456  3.68593  4.14671  3.12453  3.17234  1.72753  3.75544  3.57766  4.15773  3.47765  3.51245  1.99915  2.86929  2.83029  5.23848  4.00967     10 a - - -
          2.68618  4.42225  2.77519  2.73123  3.46354  2.40513  3.72494  3.29354  2.67741  2.69355  4.24690  2.90347  2.73739  3.18146  2.89801  2.37887  2.77519  2.98518  4.58477  3.61503
          0.01321  4.72949  5.45183  0.61958  0.77255  0.48576  0.95510
     11   2.97763  4.87477  3.51497  3.03469  3.97307  3.80622  4.08334  3.36233  2.87916  1.55437  3.90373  3.48246  1.95403  2.08545  3.21962  3.11007  3.22607  3.16632  5.41479  4.14690     11 l - - -
          2.68618  4.42225  2.77519  2.73123  3.46354  2.40513  3.72494  3.29354  2.67741  2.69355  4.24690  2.90347  2.73739  3.18146  2.89801  2.37887  2.77519  2.98518  4.58477  3.61503
          0.01321  4.72949  5.45183  0.61958  0.77255  0.48576  0.95510
     12   1.76326  4.78955  3.46653  3.00206  4.40839  3.52482  4.15467  3.82098  3.00774  3.23352  4.28305  3.41146  1.48904  3.10116  3.42084  2.05220  3.10006  3.42933  5.71273  4.42599     12 p - - -
          2.68618  4.42225  2.77519  2.73123  3.46354  2.40513  3.72494  3.29354  2.67741  2.69355  4.24690  2.90347  2.73739  3.18146  2.89801  2.37887  2.77519  2.98518  4.58477  3.61503
          0.01321  4.72949  5.45183  0.61958  0.77255  0.48576  0.95510
     13   2.77919  5.30143  2.98474  1.98363  4.63108  3.56797  2.40217  4.10635  2.52995  3.59972  4.35338  3.04132  2.45806  2.22834  3.01612  2.28429  3.06277  3.68552  5.74307  4.34000     13 e - - -
          2.68618  4.42225  2.77519  2.73123  3.46354  2.40513  3.72494  3.29354  2.67741  2.69355  4.24690  2.90347  2.73739  3.18146  2.89801  2.37887  2.77519  2.98518  4.58477  3.61503
          0.01321  4.72949  5.45183  0.61958  0.77255  0.48576  0.95510
     14   1.75237  5.54596  1.90354  1.77680  4.86831  3.58449  3.91614  4.36514  2.74870  3.84426  4.61405  3.04506  4.07501  2.16683  3.27492  2.94114  3.25694  3.92828  5.98496  4.54006     14 a - - -
          2.68618  4.42225  2.77519  2.73123  3.46354  2.40513  3.72494  3.29354  2.67741  2.69355  4.24690  2.90347  2.73739  3.18146  2.89801  2.37887  2.77519  2.98518  4.58477  3.61503
          0.01321  4.72949  5.45183  0.61958  0.77255  0.48576  0.95510
     15   1.63489  5.10793  2.68135  2.58483  4.46337  3.34916  3.83169  3.90888  2.60615  3.46227  4.24410  3.00342  3.99341  2.95815  2.54947  2.74065  1.98125  3.52479  5.65501  4.28862     15 a - - -
          2.68618  4.42225  2.77519  2.73123  3.46354  2.40513  3.72494  3.29354  2.67741  2.69355  4.24690  2.90347  2.73739  3.18146  2.89801  2.37887  2.77519  2.98518  4.58477  3.61503
          0.01321  4.72949  5.45183  0.61958  0.77255  0.48576  0.95510
     16   2.67356  4.97328  2.02247  2.65078  4.21252  3.61745  3.39976  3.62276  2.68624  2.21878  4.06617  3.16729  4.03004  3.02505  3.14651  2.78753  1.85645  3.30859  5.49851  4.16893     16 t - - -
          2.68618  4.42225  2.77519  2.73123  3.46354  2.40513  3.72494  3.29354  2.67741  2.69355  4.24690  2.90347  2.73739  3.18146  2.89801  2.37887  2.77519  2.98518  4.58477  3.61503
          0.01321  4.72949  5.45183  0.61958  0.77255  0.48576  0.95510
     17   2.97336  5.45648  1.54174  2.49687  4.77006  3.58706  2.72520  4.25423  2.65222  3.75485  4.53078  2.61620  4.06402  3.02391  3.23242  2.92123  1.83310  3.83700  5.90908  4.48363     17 d - - -
          2.68618  4.42225  2.77519  2.73123  3.46354  2.40513  3.72494  3.29354  2.67741  2.69355  4.24690  2.90347  2.73739  3.18146  2.89801  2.37887  2.77519  2.98518  4.58477  3.61503
          0.01321  4.72949  5.45183  0.61958  0.77255  0.48576  0.95510
     18   3.21168  4.77127  4.62581  4.17826  3.69529  4.17531  4.84673  2.77900  3.98930  0.97025  3.58664  4.35732  4.66655  4.28612  4.17042  3.58368  1.47152  2.73452  5.51003  4.34115     18 l - - -
          2.68618  4.42225  2.77519  2.73123  3.46354  2.40513  3.72494  3.29354  2.67741  2.69355  4.24690  2.90347  2.73739  3.18146  2.89801  2.37887  2.77519  2.98518  4.58477  3.61503
          0.01321  4.72949  5.45183  0.61958  0.77255  0.48576  0.95510
     19   2.85275  4.66269  2.51459  2.98581  3.80054  3.76476  4.03469  2.10822  3.00452  1.65027  3.74610  2.40219  4.16466  3.31427  3.39487  3.03079  3.08909  2.84765  5.24521  3.98471     19 l - - -
          2.68618  4.42225  2.77519  2.73123  3.46354  2.40513  3.72494  3.29354  2.67741  2.69355  4.24690  2.90347  2.73739  3.18146  2.89801  2.37887  2.77519  2.98518  4.58477  3.61503
          0.01321  4.72949  5.45183  0.61958  0.77255  0.48576  0.95510
     20   2.66088  5.20378  1.96565  2.57335  4.49462  3.51101  3.90035  3.93255  2.73074  1.93913  4.31161  1.91483  4.05427  3.04387  3.22156  2.72451  3.14941  3.57325  5.72098  4.34739     20 n - - -
          2.68618  4.42225  2.77519  2.73123  3.46354  2.40513  3.72494  3.29354  2.67741  2.69355  4.24690  2.90347  2.73739  3.18146  2.89801  2.37887  2.77519  2.98518  4.58477  3.61503
          0.01321  4.72949  5.45183  0.61958  0.77255  0.48576  0.95510
     21   2.68479  4.31753  4.35664  3.32301  3.41268  3.98356  4.29537  1.67568  3.64125  1.54149  3.40023  3.97454  4.34553  3.08922  3.81375  3.27591  3.09376  2.03249  4.95839  3.77080     21 l - - -
          2.68618  4.42225  2.77519  2.73123  3.46354  2.40513  3.72494  3.29354  2.67741  2.69355  4.24690  2.90347  2.73739  3.18146  2.89801  2.37887  2.77519  2.98518  4.58477  3.61503
          0.01321  4.72949  5.45183  0.61958  0.77255  0.48576  0.95510
     22   1.71414  4.56094  3.33670  3.25117  3.88662  2.16124  4.22585  1.59422  3.27017  2.93994  3.84445  3.60589  4.18959  3.55574  3.61597  3.01641  3.10189  2.87333  5.33784  4.10576     22 i - - -
          2.68618  4.42225  2.77519  2.73123  3.46354  2.40513  3.72494  3.29354  2.67741  2.69355  4.24690  2.90347  2.73739  3.18146  2.89801  2.37887  2.77519  2.98518  4.58477  3.61503
          0.01321  4.72949  5.45183  0.61958  0.77255  0.48576  0.95510
     23   1.62826  5.00621  2.86096  2.71644  4.55090  2.18573  3.96273  3.99906  2.76289  3.56409  4.34732  3.20805  4.02562  3.10070  2.98761  1.83371  2.95276  3.57639  5.75895  4.40803     23 a - - -
          2.68618  4.42225  2.77519  2.73123  3.46354  2.40513  3.72494  3.29354  2.67741  2.69355  4.24690  2.90347  2.73739  3.18146  2.89801  2.37887  2.77519  2.98518  4.58477  3.61503
          0.01321  4.72949  5.45183  0.61958  0.77255  0.48576  0.95510
     24   2.80872  5.31503  2.06918  2.48803  4.66070  2.97368  3.79995  4.14142  2.56678  3.63286  4.38482  2.64484  2.42555  2.74880  3.06577  2.02150  2.68622  3.71226  5.77600  4.36484     24 s - - -
          2.68618  4.42225  2.77519  2.73123  3.46354  2.40513  3.72494  3.29354  2.67741  2.69355  4.24690  2.90347  2.73739  3.18146  2.89801  2.37887  2.77519  2.98518  4.58477  3.61503
          0.01321  4.72949  5.45183  0.61958  0.77255  0.48576  0.95510
     25   3.00588  5.19753  1.76776  2.66102  2.25269  1.60074  4.02796  3.91148  2.85786  3.51919  4.36632  3.19460  4.14545  3.21909  3.44315  3.02173  3.27499  3.58108  5.70233  4.30567     25 g - - -
          2.68618  4.42225  2.77519  2.73123  3.46354  2.40513  3.72494  3.29354  2.67741  2.69355  4.24690  2.90347  2.73739  3.18146  2.89801  2.37887  2.77519  2.98518  4.58477  3.61503
          0.01321  4.72949  5.45183  0.61958  0.77255  0.48576  0.95510
     26   3.14292  5.03461  4.10898  4.03188  5.40516  1.12017  5.20543  4.99368  4.30080  4.60698  5.45921  4.18338  0.84779  4.54313  4.55239  3.31954  3.67329  4.29929  6.53464  5.52038     26 p - - -
          2.68618  4.42225  2.77519  2.73123  3.46354  2.40513  3.72494  3.29354  2.67741  2.69355  4.24690  2.90347  2.73739  3.18146  2.89801  2.37887  2.77519  2.98518  4.58477  3.61503
          0.01321  4.72949  5.45183  0.61958  0.77255  0.48576  0.95510
     27   3.79583  5.14999  4.86521  4.47854  1.32450  4.63568  3.98150  3.67896  4.35645  3.13553  4.28022  4.39524  1.45332  4.41694  4.45962  3.98110  4.03120  3.53998  4.18023  1.54882     27 f - - -
          2.68618  4.42225  2.77519  2.73123  3.46354  2.40513  3.72494  3.29354  2.67741  2.69355  4.24690  2.90347  2.73739  3.18146  2.89801  2.37887  2.77519  2.98518  4.58477  3.61503
          0.01321  4.72949  5.45183  0.61958  0.77255  0.48576  0.95510
     28   2.82993  4.60980  3.92474  3.49700  1.54617  3.66589  4.31325  3.42761  3.48305  3.10755  4.03333  3.75263  1.78294  3.76152  3.78835  1.86948  3.19084  3.14294  5.21869  3.81824     28 f - - -
          2.68618  4.42225  2.77519  2.73123  3.46354  2.40513  3.72494  3.29354  2.67741  2.69355  4.24690  2.90347  2.73739  3.18146  2.89801  2.37887  2.77519  2.98518  4.58477  3.61503
          0.01321  4.72949  5.45183  0.61958  0.77255  0.48576  0.95510
     29   3.02941  5.06870  3.33555  2.90134  3.79851  3.77981  3.96582  3.73513  2.82132  3.31828  4.20879  3.37542  1.73929  2.03969  3.19638  3.08739  3.27501  3.44871  5.23793  1.86564     29 p - - -
          2.68618  4.42225  2.77519  2.73123  3.46354  2.40513  3.72494  3.29354  2.67741  2.69355  4.24690  2.90347  2.73739  3.18146  2.89801  2.37887  2.77519  2.98518  4.58477  3.61503
          0.01321  4.72949  5.45183  0.61958  0.77255  0.48576  0.95510
     30   2.69425  4.91284  2.19045  2.73133  3.38264  3.65774  3.88313  3.53843  2.76272  3.16795  4.01503  3.23182  4.06801  3.09269  3.21170  1.89223  3.07308  3.24460  5.33147  2.02260     30 s - - -
          2.68618  4.42225  2.77519  2.73123  3.46354  2.40513  3.72494  3.29354  2.67741  2.69355  4.24690  2.90347  2.73739  3.18146  2.89801  2.37887  2.77519  2.98518  4.58477  3.61503
          0.01321  4.72949  5.45183  0.61958  0.77255  0.48576  0.95510
     31   2.91962  5.26790  2.82187  2.61260  4.75188  2.14214  3.97627  4.22504  2.79009  3.75041  4.53253  3.14393  4.07657  1.75290  3.27686  1.58411  3.20505  3.78963  5.91479  4.52163     31 s - - -
          2.68618  4.42225  2.77519  2.73123  3.46354  2.40513  3.72494  3.29354  2.67741  2.69355  4.24690  2.90347  2.73739  3.18146  2.89801  2.37887  2.77519  2.98518  4.58477  3.61503
          0.01321  4.72949  5.45183  0.61958  0.77255  0.48576  0.95510
     32   2.96720  5.36998  1.73220  2.44998  4.65991  3.60287  3.91039  4.10150  2.73094  3.65196  4.44921  3.08640  4.07408  1.67558  3.22933  2.93285  3.21293  2.23518  5.84076  4.43891     32 q - - -
          2.68618  4.42225  2.77519  2.73123  3.46354  2.40513  3.72494  3.29354  2.67741  2.69355  4.24690  2.90347  2.73739  3.18146  2.89801  2.37887  2.77519  2.98518  4.58477  3.61503
          0.01321  4.72949  5.45183  0.61958  0.77255  0.48576  0.95510
     33   3.00127  5.17328  1.44188  2.74815  4.66876  1.72638  4.17080  4.00236  3.10855  3.69980  4.55057  3.26268  4.17628  3.35246  3.60488  3.03622  3.32455  2.03582  5.95821  4.59436     33 d - - -
          2.68618  4.42225  2.77519  2.73123  3.46354  2.40513  3.72494  3.29354  2.67741  2.69355  4.24690  2.90347  2.73739  3.18146  2.89801  2.37887  2.77519  2.98518  4.58477  3.61503
          0.01321  4.72949  5.45183  0.61958  0.77255  0.48576  0.95510
     34   2.91006  4.44816  4.42407  3.92479  2.05896  1.65103  4.43519  2.77170  3.82292  2.63769  3.64690  4.06098  4.40131  4.04075  3.99981  3.27467  3.21045  1.53254  5.07446  3.77309     34 v - - -
          2.68618  4.42225  2.77519  2.73123  3.46354  2.40513  3.72494  3.29354  2.67741  2.69355  4.24690  2.90347  2.73739  3.18146  2.89801  2.37887  2.77519  2.98518  4.58477  3.61503
          0.01321  4.72949  5.45183  0.61958  0.77255  0.48576  0.95510
     35   3.03947  4.81617  3.56621  3.00517  4.02793  3.87328  4.20996  3.07650  3.02326  2.99032  3.96464  3.59865  4.32549  2.02320  3.32823  3.23295  3.29634  1.06500  5.47019  4.21883     35 v - - -
          2.68618  4.42225  2.77519  2.73123  3.46354  2.40513  3.72494  3.29354  2.67741  2.69355  4.24690  2.90347  2.73739  3.18146  2.89801  2.37887  2.77519  2.98518  4.58477  3.61503
          0.01321  4.72949  5.45183  0.61958  0.77255  0.48576  0.95510
     36   2.93284  4.45660  4.22037  3.70536  1.82783  3.97455  4.29330  2.72991  3.61968  2.60034  3.58908  2.22757  4.38590  3.86513  3.84170  3.29044  3.13068  1.46009  4.97280  3.64786     36 v - - -
          2.68618  4.42225  2.77519  2.73123  3.46354  2.40513  3.72494  3.29354  2.67741  2.69355  4.24690  2.90347  2.73739  3.18146  2.89801  2.37887  2.77519  2.98518  4.58477  3.61503
          0.01321  4.72949  5.45183  0.61958  0.77255  0.48576  0.95510
     37   2.94476  4.94837  3.47609  2.90030  1.84244  3.77398  3.92169  3.54973  2.61739  3.15919  4.03603  3.36325  4.16047  1.96124  1.96756  3.02810  2.94571  3.27968  5.37319  4.05440     37 f - - -
          2.68618  4.42225  2.77519  2.73123  3.46354  2.40513  3.72494  3.29354  2.67741  2.69355  4.24690  2.90347  2.73739  3.18146  2.89801  2.37887  2.77519  2.98518  4.58477  3.61503
          0.01321  4.72949  5.45183  0.61958  0.77255  0.48576  0.95510
     38   3.03092  5.58182  2.62700  1.76304  4.90500  3.43599  3.92781  4.40534  2.75985  3.87762  4.64856  1.74860  4.08653  1.69485  3.28387  2.95944  3.13589  3.96464  6.01344  4.56489     38 q - - -
          2.68618  4.42225  2.77519  2.73123  3.46354  2.40513  3.72494  3.29354  2.67741  2.69355  4.24690  2.90347  2.73739  3.18146  2.89801  2.37887  2.77519  2.98518  4.58477  3.61503
          0.01321  4.72949  5.45183  0.61958  0.77255  0.48576  0.95510
     39   2.92688  5.34161  3.12111  2.61054  4.71581  2.27680  3.82792  4.16765  2.12053  3.64883  4.42023  1.73054  4.05900  2.93903  2.08421  2.74508  3.15522  3.75813  5.77127  4.41261     39 n - - -
          2.68618  4.42225  2.77519  2.73123  3.46354  2.40513  3.72494  3.29354  2.67741  2.69355  4.24690  2.90347  2.73739  3.18146  2.89801  2.37887  2.77519  2.98518  4.58477  3.61503
          0.01321  4.72949  5.45183  0.61958  0.77255  0.48576  0.95510
     40   2.91041  5.16160  3.20251  1.75802  4.46627  3.45063  3.86149  3.86438  2.53722  3.44111  4.25307  3.19534  4.07854  2.99862  1.66906  2.92151  3.14021  2.24473  5.63863  4.31255     40 r - - -
          2.68618  4.42225  2.77519  2.73123  3.46354  2.40513  3.72494  3.29354  2.67741  2.69355  4.24690  2.90347  2.73739  3.18146  2.89801  2.37887  2.77519  2.98518  4.58477  3.61503
          0.01321  4.72949  5.45183  0.61958  0.77255  0.48576  0.95510
     41   2.79536  5.21387  3.06097  1.66583  4.52605  2.98212  3.00176  3.98575  2.45928  2.36267  4.26506  2.94081  3.96894  2.79542  2.56310  2.64941  3.02581  3.58712  5.66359  4.27899     41 e - - -
          2.68618  4.42225  2.77519  2.73123  3.46354  2.40513  3.72494  3.29354  2.67741  2.69355  4.24690  2.90347  2.73739  3.18146  2.89801  2.37887  2.77519  2.98518  4.58477  3.61503
          0.01321  4.72949  5.45183  0.61958  0.77255  0.48576  0.95510
     42   2.78514  4.83630  3.28088  2.74873  4.07799  2.53290  3.09271  3.47527  2.74442  3.11979  3.96077  3.17514  2.43528  2.97258  3.18250  2.35854  3.03034  1.94716  5.40558  4.10476     42 v - - -
          2.68618  4.42225  2.77519  2.73123  3.46354  2.40513  3.72494  3.29354  2.67741  2.69355  4.24690  2.90347  2.73739  3.18146  2.89801  2.37887  2.77519  2.98518  4.58477  3.61503
          0.01321  4.72949  5.45183  0.61958  0.77255  0.48576  0.95510
     43   2.82968  4.38665  4.05811  3.49768  3.51071  3.87459  4.20109  2.77212  3.38467  1.65601  3.49732  3.78596  4.26575  2.99385  3.63308  2.34530  3.02914  1.55245  5.02034  3.81675     43 v - - -
          2.68618  4.42225  2.77519  2.73123  3.46354  2.40513  3.72494  3.29354  2.67741  2.69355  4.24690  2.90347  2.73739  3.18146  2.89801  2.37887  2.77519  2.98518  4.58477  3.61503
          0.01321  4.72949  5.45183  0.61958  0.77255  0.48576  0.95510
     44   2.97763  4.87477  3.51497  3.03469  3.97307  3.80622  4.08334  3.36233  2.87916  1.55437  3.90373  3.48246  1.95403  2.08545  3.21962  3.11007  3.22607  3.16632  5.41479  4.14690     44 l - - -
          2.68618  4.42225  2.77519  2.73123  3.46354  2.40513  3.72494  3.29354  2.67741  2.69355  4.24690  2.90347  2.73739  3.18146  2.89801  2.37887  2.77519  2.98518  4.58477  3.61503
          0.01321  4.72949  5.45183  0.61958  0.77255  0.48576  0.95510
     45   2.53786  4.90351  3.33887  2.83674  4.51815  3.27007  4.03432  3.95518  2.83505  3.54243  4.33608  3.17176  1.75026  3.18651  2.86613  1.56187  2.73406  3.53192  5.75243  4.42938     45 s - - -
          2.68618  4.42225  2.77519  2.73123  3.46354  2.40513  3.72494  3.29354  2.67741  2.69355  4.24690  2.90347  2.73739  3.18146  2.89801  2.37887  2.77519  2.98518  4.58477  3.61503
          0.01321  4.72949  5.45183  0.61958  0.77255  0.48576  0.95510
     46   2.68864  5.26760  2.81003  2.16385  4.60030  3.19751  3.75182  4.07764  2.49583  3.56832  4.31454  3.02687  3.95371  2.23514  2.75955  2.03765  2.07610  3.65221  5.70941  4.30512     46 s - - -
          2.68618  4.42225  2.77519  2.73123  3.46354  2.40513  3.72494  3.29354  2.67741  2.69355  4.24690  2.90347  2.73739  3.18146  2.89801  2.37887  2.77519  2.98518  4.58477  3.61503
          0.01321  4.72949  5.45183  0.61958  0.77255  0.48576  0.95510
     47   2.77607  5.21766  3.04661  2.09747  3.93065  2.40130  3.75011  4.00228  2.49638  3.51138  4.26654  3.03763  3.51625  2.07659  2.80533  2.16098  2.87125  3.59381  5.66753  4.04966     47 q - - -
          2.68618  4.42225  2.77519  2.73123  3.46354  2.40513  3.72494  3.29354  2.67741  2.69355  4.24690  2.90347  2.73739  3.18146  2.89801  2.37887  2.77519  2.98518  4.58477  3.61503
          0.01321  4.72949  5.45183  0.61958  0.77255  0.48576  0.95510
     48   2.75097  4.83247  3.06489  2.83969  4.09877  3.62391  4.00575  3.54317  2.90219  3.19693  4.04922  3.31130  3.59695  3.22223  3.33260  1.60978  3.00303  3.24076  5.45848  1.67649     48 s - - -
          2.68618  4.42225  2.77519  2.73123  3.46354  2.40513  3.72494  3.29354  2.67741  2.69355  4.24690  2.90347  2.73739  3.18146  2.89801  2.37887  2.77519  2.98518  4.58477  3.61503
          0.01321  4.72949  5.45183  0.61958  0.77255  0.48576  0.95510
     49   2.91527  4.74409  3.61059  3.22948  3.64200  1.77618  4.16148  3.49683  3.25421  3.16615  4.07278  3.21917  4.24903  3.56927  3.59951  3.00484  3.23287  3.00467  5.14906  1.28304     49 y - - -
          2.68618  4.42225  2.77519  2.73123  3.46354  2.40513  3.72494  3.29354  2.67741  2.69355  4.24690  2.90347  2.73739  3.18146  2.89801  2.37887  2.77519  2.98518  4.58477  3.61503
          0.01321  4.72949  5.45183  0.61958  0.77255  0.48576  0.95510
     50   3.26560  5.11646  3.64227  3.26173  3.12093  1.55711  2.06112  3.79430  3.24725  3.33702  4.31115  3.65543  4.45121  3.58881  3.59680  3.34584  3.52402  3.54377  4.70909  1.59152     50 g - - -
          2.68618  4.42225  2.77519  2.73123  3.46354  2.40513  3.72494  3.29354  2.67741  2.69355  4.24690  2.90347  2.73739  3.18146  2.89801  2.37887  2.77519  2.98518  4.58477  3.61503
          0.01321  4.72949  5.45183  0.61958  0.77255  0.48576  0.95510
     51   3.44125  5.27936  3.54555  1.87350  2.98173  4.09645  4.01540  3.86123  3.37129  3.37121  4.41114  3.68254  4.54958  3.67732  3.72859  3.48960  3.68759  3.64477  4.66836  0.87447     51 y - - -
          2.68618  4.42225  2.77519  2.73123  3.46354  2.40513  3.72494  3.29354  2.67741  2.69355  4.24690  2.90347  2.73739  3.18146  2.89801  2.37887  2.77519  2.98518  4.58477  3.61503
          0.01321  4.72949  5.45183  0.61958  0.77255  0.48576  0.95510
     52   4.40743  5.65368  4.86708  4.64193  2.42921  4.91847  1.48318  4.36405  4.40711  3.58172  4.87313  4.50471  5.26356  4.56154  4.50041  4.35253  4.62783  4.25496  4.09844  0.70720     52 y - - -
          2.68618  4.42225  2.77519  2.73123  3.46354  2.40513  3.72494  3.29354  2.67741  2.69355  4.24690  2.90347  2.73739  3.18146  2.89801  2.37887  2.77519  2.98518  4.58477  3.61503
          0.01321  4.72949  5.45183  0.61958  0.77255  0.48576  0.95510
     53   2.98565  5.35474  2.92653  1.61574  4.65571  3.62591  1.76750  4.13142  2.69774  3.66404  4.46436  3.12785  4.09656  3.06069  3.15579  2.95851  2.08071  3.74793  5.82556  4.43669     53 e - - -
          2.68618  4.42225  2.77519  2.73123  3.46354  2.40513  3.72494  3.29354  2.67741  2.69355  4.24690  2.90347  2.73739  3.18146  2.89801  2.37887  2.77519  2.98518  4.58477  3.61503
          0.01321  4.72949  5.45183  0.61958  0.77255  0.48576  0.95510
     54   2.92683  4.79399  3.42056  1.63117  3.73324  3.78440  4.01366  3.23862  2.97783  2.97390  3.89395  3.42639  4.19818  3.31238  3.36873  3.06742  3.16622  2.03184  5.19744  1.96793     54 e - - -
          2.68618  4.42225  2.77519  2.73123  3.46354  2.40513  3.72494  3.29354  2.67741  2.69355  4.24690  2.90347  2.73739  3.18146  2.89801  2.37887  2.77519  2.98518  4.58477  3.61503
          0.01321  4.72949  5.45183  0.61958  0.77255  0.48576  0.95510
     55   2.95082  4.43140  4.36683  3.81649  3.34257  4.02869  4.30217  1.86128  3.67628  2.52255  3.52823  4.01463  4.41558  3.92052  3.86243  3.33819  1.78773  2.51706  4.92057  1.70261     55 y - - -
          2.68618  4.42225  2.77519  2.73123  3.46354  2.40513  3.72494  3.29354  2.67741  2.69355  4.24690  2.90347  2.73739  3.18146  2.89801  2.37887  2.77519  2.98518  4.58477  3.61503
          0.01321  4.72949  5.45183  0.61958  0.77255  0.48576  0.95510
     56   2.96456  4.61567  4.62651  4.24150  4.19788  3.87476  4.99161  2.66940  4.12431  2.99000  4.09906  4.28051  4.52372  4.41575  4.32419  3.31663  1.01152  1.35834  5.85694  4.65437     56 t - - -
          2.68618  4.42225  2.77519  2.73123  3.46354  2.40513  3.72494  3.29354  2.67741  2.69355  4.24690  2.90347  2.73739  3.18146  2.89801  2.37887  2.77519  2.98518  4.58477  3.61503
          0.01321  4.72949  5.45183  0.61958  0.77255  0.48576  0.95510
     57   3.16780  4.57556  4.82049  4.30068  3.85103  4.36338  4.92125  1.86634  4.18402  2.61167  3.73689  4.47333  2.22467  4.43646  4.36941  3.72063  3.35817  0.92154  5.56315  4.36110     57 v - - -
          2.68618  4.42225  2.77519  2.73123  3.46354  2.40513  3.72494  3.29354  2.67741  2.69355  4.24690  2.90347  2.73739  3.18146  2.89801  2.37887  2.77519  2.98518  4.58477  3.61503
          0.01321  4.72949  5.45183  0.61958  0.77255  0.48576  0.95510
     58   2.84935  4.43556  4.23190  3.69873  3.70750  2.18937  4.41087  1.62424  3.60970  2.70770  3.67298  3.92580  4.33410  3.87099  3.85376  3.19200  1.70539  2.24944  5.23806  4.03584     58 i - - -
          2.68618  4.42225  2.77519  2.73123  3.46354  2.40513  3.72494  3.29354  2.67741  2.69355  4.24690  2.90347  2.73739  3.18146  2.89801  2.37887  2.77519  2.98518  4.58477  3.61503
          0.01321  4.72949  5.45183  0.61958  0.77255  0.48576  0.95510
     59   2.22136  4.62979  3.92862  3.51436  4.72014  3.41034  4.57194  4.14500  3.51647  3.80469  4.61102  3.70978  1.64401  3.81049  3.86877  1.94311  1.34448  3.60432  6.04187  4.81830     59 t - - -
          2.68618  4.42225  2.77519  2.73123  3.46354  2.40513  3.72494  3.29354  2.67741  2.69355  4.24690  2.90347  2.73739  3.18146  2.89801  2.37887  2.77519  2.98518  4.58477  3.61503
          0.01321  4.72949  5.45183  0.61958  0.77255  0.48576  0.95510
     60   2.73882  4.70243  3.83422  3.70823  5.13961  1.43243  4.89987  4.63850  3.95344  4.28544  5.07867  3.83337  0.94428  4.18095  4.25145  2.59867  3.26978  3.91796  6.43715  5.24868     60 p - - -
          2.68618  4.42225  2.77519  2.73123  3.46354  2.40513  3.72494  3.29354  2.67741  2.69355  4.24690  2.90347  2.73739  3.18146  2.89801  2.37887  2.77519  2.98518  4.58477  3.61503
          0.01321  4.72949  5.45183  0.61958  0.77255  0.48576  0.95510
     61   2.23400  4.75648  3.30924  3.15599  4.69972  1.51988  4.33390  4.14296  3.21578  3.75836  4.55143  3.50333  4.09352  3.52094  3.63393  1.72235  1.86638  3.62999  5.97194  4.69048     61 g - - -
          2.68618  4.42225  2.77519  2.73123  3.46354  2.40513  3.72494  3.29354  2.67741  2.69355  4.24690  2.90347  2.73739  3.18146  2.89801  2.37887  2.77519  2.98518  4.58477  3.61503
          0.01321  4.72949  5.45183  0.61958  0.77255  0.48576  0.95510
     62   1.80296  4.93717  3.30512  2.76073  4.35431  3.58243  3.92821  3.54959  2.69804  3.37149  4.18242  3.24271  2.13027  3.08270  2.01606  2.43348  3.05843  3.41116  5.60133  4.28336     62 a - - -
          2.68618  4.42225  2.77519  2.73123  3.46354  2.40513  3.72494  3.29354  2.67741  2.69355  4.24690  2.90347  2.73739  3.18146  2.89801  2.37887  2.77519  2.98518  4.58477  3.61503
          0.01321  4.72949  5.45183  0.61958  0.77255  0.48576  0.95510
     63   2.76652  4.96111  3.28487  2.76187  4.48717  2.19764  3.95991  3.92297  2.73357  3.50006  4.29249  3.24049  2.42053  3.10334  2.32541  2.55184  1.80005  3.51866  5.70439  4.37264     63 t - - -
          2.68618  4.42225  2.77519  2.73123  3.46354  2.40513  3.72494  3.29354  2.67741  2.69355  4.24690  2.90347  2.73739  3.18146  2.89801  2.37887  2.77519  2.98518  4.58477  3.61503
          0.01321  4.72949  5.45183  0.61958  0.77255  0.48576  0.95510
     64   2.11688  4.93183  3.45029  2.92000  4.45699  3.61099  4.03065  3.85718  2.73014  3.46338  4.28606  3.16813  4.10843  3.19583  1.74083  2.91472  1.49822  3.48594  5.68295  4.39753     64 t - - -
          2.68618  4.42225  2.77519  2.73123  3.46354  2.40513  3.72494  3.29354  2.67741  2.69355  4.24690  2.90347  2.73739  3.18146  2.89801  2.37887  2.77519  2.98518  4.58477  3.61503
          0.01321  4.72949  5.45183  0.61958  0.77255  0.48576  0.95510
     65   3.40059  5.36667  3.98831  3.54258  5.19155  1.48066  4.45376  4.67184  2.86354  4.15656  5.03246  3.88511  4.52530  3.63618  0.80838  3.48402  3.73611  4.23467  6.12015  5.00629     65 r - - -
          2.68618  4.42225  2.77519  2.73123  3.46354  2.40513  3.72494  3.29354  2.67741  2.69355  4.24690  2.90347  2.73739  3.18146  2.89801  2.37887  2.77519  2.98518  4.58477  3.61503
          0.01321  4.72949  5.45183  0.61958  0.77255  0.48576  0.95510
     66   1.85152  4.85002  3.45397  2.94265  4.52042  1.67313  4.09956  3.94745  2.88879  3.54902  4.35119  3.36682  4.06724  3.26367  2.03629  2.71122  2.42939  3.52157  5.76625  4.46567     66 g - - -
          2.68618  4.42225  2.77519  2.73123  3.46354  2.40513  3.72494  3.29354  2.67741  2.69355  4.24690  2.90347  2.73739  3.18146  2.89801  2.37887  2.77519  2.98518  4.58477  3.61503
          0.01321  4.72949  5.45183  0.61958  0.77255  0.48576  0.95510
     67   2.21079  4.62561  3.64339  3.07848  3.84508  3.74263  4.04952  2.10547  2.94946  2.88223  3.78000  3.49091  4.15897  3.32751  1.90419  3.00882  2.01534  2.87933  5.26034  4.01813     67 r - - -
          2.68618  4.42225  2.77519  2.73123  3.46354  2.40513  3.72494  3.29354  2.67741  2.69355  4.24690  2.90347  2.73739  3.18146  2.89801  2.37887  2.77519  2.98518  4.58477  3.61503
          0.01321  4.72949  5.45183  0.61958  0.77255  0.48576  0.95510
     68   3.12493  4.81691  4.08775  3.46163  3.97616  4.05890  4.27405  2.45467  2.92752  2.80275  3.87285  3.82039  4.44490  3.54108  1.05754  3.37435  3.36245  2.02741  5.46806  4.25016     68 r - - -
          2.68618  4.42225  2.77519  2.73123  3.46354  2.40513  3.72494  3.29354  2.67741  2.69355  4.24690  2.90347  2.73739  3.18146  2.89801  2.37887  2.77519  2.98518  4.58477  3.61503
          0.01321  4.72949  5.45183  0.61958  0.77255  0.48576  0.95510
     69   2.90372  4.59822  3.86191  3.28027  3.78147  3.87326  4.15452  1.81196  3.05186  2.76269  3.71806  3.65594  4.26885  3.47277  1.71690  3.15155  2.08157  2.55051  5.24725  4.02443     69 r - - -
          2.68618  4.42225  2.77519  2.73123  3.46354  2.40513  3.72494  3.29354  2.67741  2.69355  4.24690  2.90347  2.73739  3.18146  2.89801  2.37887  2.77519  2.98518  4.58477  3.61503
          0.01321  4.72949  5.45183  0.61958  0.77255  0.48576  0.95510
     70   3.15995  4.55710  4.89284  4.38422  3.85817  2.17915  4.95564  1.18276  4.26934  2.64153  3.75230  4.51653  4.77241  4.50527  4.43023  3.72733  3.44063  1.36408  5.56354  4.35980     70 i - - -
          2.68618  4.42225  2.77519  2.73123  3.46354  2.40513  3.72494  3.29354  2.67741  2.69355  4.24690  2.90347  2.73739  3.18146  2.89801  2.37887  2.77519  2.98518  4.58477  3.61503
          0.01321  4.72949  5.45183  0.61958  0.77255  0.48576  0.95510
     71   2.90016  4.58373  3.78859  2.13744  3.77585  3.89852  4.19672  1.73400  3.20534  2.74374  3.70560  3.65300  4.28571  3.51803  3.55792  3.16408  1.84872  2.21094  5.27367  4.03607     71 i - - -
          2.68618  4.42225  2.77519  2.73123  3.46354  2.40513  3.72494  3.29354  2.67741  2.69355  4.24690  2.90347  2.73739  3.18146  2.89801  2.37887  2.77519  2.98518  4.58477  3.61503
          0.01321  4.72949  5.45183  0.61958  0.77255  0.48576  0.95510
     72   2.83728  4.77431  3.27669  2.72782  4.45267  1.97332  3.89248  3.87341  1.95582  3.44371  4.24676  3.22155  4.05478  3.03240  2.80021  2.86982  1.71174  3.50669  5.64231  4.32021     72 t - - -
          2.68618  4.42225  2.77519  2.73123  3.46354  2.40513  3.72494  3.29354  2.67741  2.69355  4.24690  2.90347  2.73739  3.18146  2.89801  2.37887  2.77519  2.98518  4.58477  3.61503
          0.01321  4.72949  5.45183  0.61958  0.77255  0.48576  0.95510
     73   2.33602  5.24285  3.01408  2.28836  4.57154  1.91029  3.79156  4.03609  2.43533  3.54990  4.31294  3.05759  3.98272  2.09625  3.03066  2.49502  2.86999  3.62996  5.71007  4.31820     73 g - - -
          2.68618  4.42225  2.77519  2.73123  3.46354  2.40513  3.72494  3.29354  2.67741  2.69355  4.24690  2.90347  2.73739  3.18146  2.89801  2.37887  2.77519  2.98518  4.58477  3.61503
          0.01321  4.72949  5.45183  0.61958  0.77255  0.48576  0.95510
     74   2.56836  5.32191  2.74141  1.82006  4.66196  2.92989  3.76592  4.14641  2.46560  3.62379  4.36673  2.95129  3.96697  1.82623  2.48706  2.77470  3.04860  3.71042  5.75454  4.34263     74 e - - -
          2.68618  4.42225  2.77519  2.73123  3.46354  2.40513  3.72494  3.29354  2.67741  2.69355  4.24690  2.90347  2.73739  3.18146  2.89801  2.37887  2.77519  2.98518  4.58477  3.61503
          0.01321  4.72949  5.45183  0.61958  0.77255  0.48576  0.95510
     75   2.01597  5.21628  2.71738  1.91156  4.53115  2.90842  3.75510  3.99670  2.50572  3.50902  4.26628  2.91894  3.95561  2.76085  2.99386  2.52857  2.74485  3.43917  5.66820  3.02092     75 e - - -
          2.68618  4.42225  2.77519  2.73123  3.46354  2.40513  3.72494  3.29354  2.67741  2.69355  4.24690  2.90347  2.73739  3.18146  2.89801  2.37887  2.77519  2.98518  4.58477  3.61503
          0.01321  4.72949  5.45183  0.61958  0.77255  0.48576  0.95510
     76   2.60299  5.22035  2.06495  2.49068  4.17119  3.55634  3.31593  4.00818  2.49171  3.51465  4.26785  2.91369  3.94930  2.13041  2.71604  2.58001  2.43387  3.54151  5.34641  3.49961     76 d - - -
          2.68618  4.42225  2.77519  2.73123  3.46354  2.40513  3.72494  3.29354  2.67741  2.69355  4.24690  2.90347  2.73739  3.18146  2.89801  2.37887  2.77519  2.98518  4.58477  3.61503
          0.01321  4.72949  5.45183  0.61958  0.77255  0.48576  0.95510
     77   2.90415  5.29152  3.04473  1.69414  4.53574  3.62750  3.68824  4.05131  2.54741  3.56695  4.35125  3.11076  4.04393  1.73721  2.90125  2.88007  3.13403  3.66682  5.69351  2.43029     77 e - - -
          2.68618  4.42225  2.77519  2.73123  3.46354  2.40513  3.72494  3.29354  2.67741  2.69355  4.24690  2.90347  2.73739  3.18146  2.89801  2.37887  2.77519  2.98518  4.58477  3.61503
          0.01321  4.72949  5.45183  0.61958  0.77255  0.48576  0.95510
     78   3.18829  5.72733  1.52871  1.34337  4.91632  3.61892  4.04629  4.51419  2.97816  4.00609  4.81946  3.07616  4.17469  3.19767  3.53694  3.09942  3.45282  4.09435  6.11443  2.19915     78 e - - -
          2.68618  4.42225  2.77519  2.73123  3.46354  2.40513  3.72494  3.29354  2.67741  2.69355  4.24690  2.90347  2.73739  3.18146  2.89801  2.37887  2.77519  2.98518  4.58477  3.61503
          0.01321  4.72949  5.45183  0.61958  0.77255  0.48576  0.95510
     79   2.98586  5.16982  1.56939  2.68053  4.20377  3.65201  3.98713  3.85878  2.90011  3.46656  4.31890  3.20736  4.13943  3.19075  3.37842  3.00505  2.05510  3.53566  5.56716  1.93224     79 d - - -
          2.68618  4.42225  2.77519  2.73123  3.46354  2.40513  3.72494  3.29354  2.67741  2.69355  4.24690  2.90347  2.73739  3.18146  2.89801  2.37887  2.77519  2.98518  4.58477  3.61503
          0.01321  4.72949  5.45183  0.61958  0.77255  0.48576  0.95510
     80   2.40423  4.60029  3.80034  3.36434  3.58785  2.53599  4.22919  3.35329  3.35705  3.05199  3.95477  3.67038  4.22171  3.64653  3.67812  2.78096  3.15738  3.07759  5.18428  1.08665     80 y - - -
          2.68618  4.42225  2.77519  2.73123  3.46354  2.40513  3.72494  3.29354  2.67741  2.69355  4.24690  2.90347  2.73739  3.18146  2.89801  2.37887  2.77519  2.98518  4.58477  3.61503
          0.01321  4.72949  5.45183  0.61958  0.77255  0.48576  0.95510
     81   2.87727  4.90850  2.16778  2.79374  3.81856  3.69861  3.90790  3.51571  2.82624  3.14810  4.01386  3.28395  4.11188  3.15521  3.26249  2.95312  1.86497  3.23514  4.89424  1.86275     81 y - - -
          2.68618  4.42225  2.77519  2.73123  3.46354  2.40513  3.72494  3.29354  2.67741  2.69355  4.24690  2.90347  2.73739  3.18146  2.89801  2.37887  2.77519  2.98518  4.58477  3.61503
          0.01321  4.72949  5.45183  0.61958  0.77255  0.48576  0.95510
     82   2.79020  4.87784  3.33969  2.91300  4.46463  1.91767  2.19430  3.90106  2.94829  3.51634  4.33454  3.35391  4.09103  3.29343  3.37212  2.58174  1.55145  3.50262  5.74495  4.43591     82 t - - -
          2.68618  4.42225  2.77519  2.73123  3.46354  2.40513  3.72494  3.29354  2.67741  2.69355  4.24690  2.90347  2.73739  3.18146  2.89801  2.37887  2.77519  2.98518  4.58477  3.61503
          0.01321  4.72949  5.45183  0.61958  0.77255  0.48576  0.95510
     83   2.95894  5.28706  1.70790  2.57929  4.56970  1.96937  3.95730  4.07888  2.81833  3.63559  4.44209  3.12360  4.08926  3.10776  3.32205  2.36439  3.22284  3.69907  5.80622  2.31193     83 d - - -
          2.68618  4.42225  2.77519  2.73123  3.46354  2.40513  3.72494  3.29354  2.67741  2.69355  4.24690  2.90347  2.73739  3.18146  2.89801  2.37887  2.77519  2.98518  4.58477  3.61503
          0.01321  4.72949  5.45183  0.61958  0.77255  0.48576  0.95510
     84   1.94630  5.50313  1.44946  2.55009  4.82535  3.60361  1.84715  4.34376  2.91390  3.86752  4.67437  3.11029  4.14186  3.17423  3.43818  3.03136  3.35380  3.93152  6.01930  4.58063     84 d - - -
          2.68618  4.42225  2.77519  2.73123  3.46354  2.40513  3.72494  3.29354  2.67741  2.69355  4.24690  2.90347  2.73739  3.18146  2.89801  2.37887  2.77519  2.98518  4.58477  3.61503
          0.01321  4.72949  5.45183  0.61958  0.77255  0.48576  0.95510
     85   3.14466  4.92717  3.76188  3.28470  3.14792  3.98056  1.63984  3.52149  3.17438  3.12334  4.07877  3.65895  4.39149  3.53743  3.50316  3.27680  2.01818  3.28877  4.72077  1.67744     85 h - - -
          2.68618  4.42225  2.77519  2.73123  3.46354  2.40513  3.72494  3.29354  2.67741  2.69355  4.24690  2.90347  2.73739  3.18146  2.89801  2.37887  2.77519  2.98518  4.58477  3.61503
          0.01321  4.72949  5.45183  0.61958  0.77255  0.48576  0.95510
     86   1.79235  4.51672  4.54258  4.00333  1.89999  4.13310  4.15330  2.93156  3.86999  2.62097  3.62128  4.10366  4.50594  4.03910  4.00926  3.44209  3.31683  2.50214  4.57378  1.53792     86 y - - -
          2.68618  4.42225  2.77519  2.73123  3.46354  2.40513  3.72494  3.29354  2.67741  2.69355  4.24690  2.90347  2.73739  3.18146  2.89801  2.37887  2.77519  2.98518  4.58477  3.61503
          0.01321  4.72949  5.45183  0.61958  0.77255  0.48576  0.95510
     87   1.88506  5.12960  2.40427  2.47985  4.43295  3.57237  3.78764  3.87853  2.55505  3.42789  4.20674  3.07960  3.97535  2.90952  2.68101  2.60134  1.95920  3.24379  5.61879  4.24752     87 a - - -
          2.68618  4.42225  2.77519  2.73123  3.46354  2.40513  3.72494  3.29354  2.67741  2.69355  4.24690  2.90347  2.73739  3.18146  2.89801  2.37887  2.77519  2.98518  4.58477  3.61503
          0.01321  4.72949  5.45183  0.61958  0.77255  0.48576  0.95510
     88   2.86765  4.35227  4.35769  3.79293  1.86474  3.94534  4.28454  2.73604  3.66394  1.76849  3.43481  3.97343  4.34061  3.88189  3.83456  2.92884  1.73334  2.56636  4.92129  3.67716     88 t - - -
          2.68618  4.42225  2.77519  2.73123  3.46354  2.40513  3.72494  3.29354  2.67741  2.69355  4.24690  2.90347  2.73739  3.18146  2.89801  2.37887  2.77519  2.98518  4.58477  3.61503
          0.01321  4.72949  5.45183  0.61958  0.77255  0.48576  0.95510
     89   2.79179  4.24332  4.34763  3.75679  1.78380  3.90777  4.20633  2.12562  3.61768  2.43134  3.35719  3.92373  4.27553  3.82341  2.55376  2.53098  3.02379  2.24429  4.02253  3.48444     89 f - - -
          2.68618  4.42225  2.77519  2.73123  3.46354  2.40513  3.72494  3.29354  2.67741  2.69355  4.24690  2.90347  2.73739  3.18146  2.89801  2.37887  2.77519  2.98518  4.58477  3.61503
          0.01321  4.72949  5.45183  0.61958  0.77255  0.48576  0.95510
     90   2.79923  4.89252  2.23097  2.69567  4.08360  3.63872  3.86124  3.50548  2.69953  1.98544  3.97657  3.20131  4.03641  3.04236  2.95598  1.92602  3.03280  3.21105  5.40399  3.16144     90 s - - -
          2.68618  4.42225  2.77519  2.73123  3.46354  2.40513  3.72494  3.29354  2.67741  2.69355  4.24690  2.90347  2.73739  3.18146  2.89801  2.37887  2.77519  2.98518  4.58477  3.61503
          0.01321  4.72949  5.45183  0.61958  0.77255  0.48576  0.95510
     91   2.82053  4.30407  4.55076  3.95685  2.80611  4.03332  4.35117  1.81981  3.80396  1.45086  3.32891  4.08916  4.38675  2.60873  3.91750  3.23455  3.11839  2.16684  4.92556  3.74970     91 l - - -
          2.68618  4.42225  2.77519  2.73123  3.46354  2.40513  3.72494  3.29354  2.67741  2.69355  4.24690  2.90347  2.73739  3.18146  2.89801  2.37887  2.77519  2.98518  4.58477  3.61503
          0.01321  4.72949  5.45183  0.61958  0.77255  0.48576  0.95510
     92   2.80520  4.96307  2.23745  2.64723  4.19512  2.35599  3.85130  2.01000  2.57131  3.17312  4.04645  2.67613  4.02483  3.01417  3.13489  2.84951  3.04038  3.01176  5.48234  4.15452     92 i - - -
          2.68618  4.42225  2.77519  2.73123  3.46354  2.40513  3.72494  3.29354  2.67741  2.69355  4.24690  2.90347  2.73739  3.18146  2.89801  2.37887  2.77519  2.98518  4.58477  3.61503
          0.01321  4.72949  5.45183  0.61958  0.77255  0.48576  0.95510
     93   2.79368  2.59570  1.89038  2.68932  2.83788  3.63433  3.85619  3.51161  2.69355  3.04157  3.97983  3.02819  4.03133  2.31751  3.14357  2.85619  3.02759  3.21473  5.40623  4.08301     93 d - - -
          2.68618  4.42225  2.77519  2.73123  3.46354  2.40513  3.72494  3.29354  2.67741  2.69355  4.24690  2.90347  2.73739  3.18146  2.89801  2.37887  2.77519  2.98518  4.58477  3.61503
          0.20772  4.72949  1.72187  0.61958  0.77255  0.48576  0.95510
     94   2.71469  4.82798  3.16533  2.62883  2.95173  2.59361  3.79845  3.48774  2.59642  3.11484  3.94431  3.13075  3.95773  1.92991  3.06818  2.47636  2.39443  3.17901  5.38001  4.06408     94 q - - -
          2.68618  4.42225  2.77519  2.73123  3.46354  2.40513  3.72494  3.29354  2.67741  2.69355  4.24690  2.90347  2.73739  3.18146  2.89801  2.37887  2.77519  2.98518  4.58477  3.61503
          0.01602  4.53779  5.26014  0.61958  0.77255  0.80444  0.59301
     95   2.44706  1.47358  4.30659  3.92194  4.36063  2.52207  4.68887  3.73823  3.84103  3.46954  4.32119  3.83453  4.03316  4.07530  4.05373  2.40253  1.41039  3.27054  5.78155  4.62108     95 t - - -
          2.68618  4.42225  2.77519  2.73123  3.46354  2.40513  3.72494  3.29354  2.67741  2.69355  4.24690  2.90347  2.73739  3.18146  2.89801  2.37887  2.77519  2.98518  4.58477  3.61503
          0.38709  4.53779  1.17031  0.61958  0.77255  0.80444  0.59301
     96   2.98058  0.49125  4.55257  4.36863  4.30492  3.53013  4.95093  3.51109  4.20226  3.40687  4.54152  4.27757  4.25909  4.53619  4.26909  3.25125  3.47331  3.23204  5.64332  4.58734     96 C - - -
          2.68618  4.42225  2.77519  2.73123  3.46354  2.40513  3.72494  3.29354  2.67741  2.69355  4.24690  2.90347  2.73739  3.18146  2.89801  2.37887  2.77519  2.98518  4.58477  3.61503
          0.01563  4.16634        *  0.61958  0.77255  0.00000        *
//
